2454659016
1578878569
82246449
1004629512
1755951295
3641252319
580591685
2943677075
924689873
2553320422
1530234672
19834647
3884073253
428987336
3015524828
968912487
1151967314
2552205167
2619522728
2860387458
3213283438
2800810480
2152266066
2020492086
6418926
526706298
4087963937
2588486612
1856122501
2482891705
34406040
1668931170
802905882
768708782
3899745481
1039728674
1640008728
1093365180
3848368093
1059230412
210004469
2221432973
2783843564
1888971138
3675509783
1527733706
2455945608
2676850841
520291486
623766745
1923335907
2267448394
1447387896
1627514022
3566670220
4003217910
3543528922
2974844000
1608427940
3472840006
405201203
1461101172
891447064
1677497113
2676306823
2949817344
2271610673
1094922110
2644563852
4163666815
3644625155
3143701063
556304260
2947963630
657190012
3519180988
1518341812
4231469720
4090878882
3244879544
454994510
464797542
3045486916
723397052
1315414928
3139555528
3105794414
1642634270
539414454
1479693840
2766744992
396857538
2321937380
3488093846
837533863
2786466456
3080713641
2084839066
1028926123
3178188710
1068952192
2185001986
935562448
1584385190
186438984
4122245618
4148247379
2678260434
3709702372
2256314018
1070712486
1298149150
1449280838
3801279167
1266414019
1898142463
1755107907
100293833
1883818118
1886189960
2175282827
2176468748
1888561802
2290317164
1890933644
4291451355
4238311613
20429182
34433531
36805373
77126687
3362153854
3580057849
4185224264
2634246098
3692954066
1473004120
3937843328
3915280884
3642830260
3640632
331529466
659418300
1449072386
1451444228
1117842403
4017728861
1181502150
1248931685
4188439747
871126693
3857209764
2271757926
2760131525
4226070375
2761317446
2762503367
2532289832
2201059849
2766061130
900048498
993627944
2883957014
2180807046
858263332
2336930770
2959258448
1327059408
918648870
2533021546
3378843370
2530434526
1420259140
3957163972
3957163972
1494796691
352319180
1925949190
2894271926
2876480851
1187997249
888643811
589290373
289936935
4285550793
3986197355
883994765
583455406
282916047
4277343984
3976804625
3676265266
3375725907
3075186548
2774647189
2474107830
1807382080
1506842721
1206303362
905764003
605224644
304685285
4145926
1080596543
937534625
636995266
336455907
35916548
4030344485
3729805126
3429265767
3128726408
67687170
4062115107
3761575748
3461036389
3160497030
2859957671
2559418312
2258878953
3635868929
3492807011
3192267652
2891728293
2591188934
2290649575
1990110216
1689570857
2766021474
2465482115
2622959556
2569424471
2268885112
2046634873
2246672212
2244865768
2444548952
1215381831
1677917359
680996653
2798256215
2509873775
556304260
3143701063
1642634270
1746095514
556304260
3143701063
3519180988
3105794414
1642634270
1445556155
556304260
3143701063
3519180988
1642634270
1145016796
3143701063
2784223582
844477437
1037320599
1325893343
3771670463
3015704515
2381639232
1076309949
3944841484
829636566
1684828011
3529976918
3576749152
2075164612
3206244760
1962145715
1963331636
1964517557
1965703478
1966889399
2335634581
2336820502
2338006423
2339192344
2340378265
445904375
1269657873
3896659565
3834671450
3835857371
3837043292
3838229213
3839415134
3840601055
3841786976
3842972897
3844158818
3845344739
2477801056
988096618
4262442160
2646871322
2017323646
241732198
463766418
3086276920
4108492291
1738604837
3663684679
3218877067
2872667111
2427859499
57972045
729277120
2223610842
613553091
2223610842
613553091
2223610842
613553091
1112322322
360436054
257906118
1374488394
2285933242
1467865948
84144462
366638160
3726781330
2084706140
457498814
785387648
2567756268
2673277337
1819204373
696381089
2789427341
3044496557
2202669180
527283793
2310504949
346165515
2778145061
1036077435
1060528201
1927974695
310675891
2666709201
1576879849
194513833
1740789883
3925975565
1574020407
2081231857
1871316684
1872502605
1874874447
1969634141
1602067451
1901881402
504579181
517170721
3902666320
3007652705
2332757556
2335129398
2336315319
1320108803
1963674113
1854231424
556304260
3010674332
3650998815
556304260
2947963630
3143701063
3519180988
3045486916
3529976918
2259569567
2062422852
2982720116
1449314014
1590645768
239354834
782981722
2710134973
2342440589
917915361
3217480693
3650998815
1108814326
3648836662
1278107458
1915573128
1064658348
3856866266
3164825032
2869877768
4062775108
2608883110
2805324316
556304260
2947963630
3143701063
3519180988
3045486916
2409595614
2342440589
917915361
3650998815
916912134
614766270
1516635078
3648836662
1278107458
3164825032
2987104800
3645710850
311232267
314790030
478170500
556304260
2947963630
3143701063
3519180988
3045486916
1315414928
2109056255
2342440589
917915361
3650998815
614766270
3648836662
3164825032
556304260
2947963630
3143701063
3519180988
3045486916
1808516896
2342440589
917915361
3650998815
1108814326
1817393717
3648836662
3164825032
3571820210
556304260
2947963630
3143701063
3519180988
3045486916
1507977537
2342440589
917915361
3650998815
2725951416
161415916
2012769607
415500666
3445643585
1290175214
2328436418
1404196300
788102344
3648836662
3164825032
3356111272
701223088
1746317682
2898213802
3645710850
4097879660
3930588310
556304260
2947963630
3143701063
3519180988
3045486916
1315414928
606359460
2342440589
917915361
3650998815
3648836662
3164825032
3930588310
2423296610
287008380
125145778
3657921280
2336556854
3259948850
3337619098
2944958806
3578962042
1489904706
2332744072
2968659858
4012917434
915652578
3305406508
1749222878
4220862958
3258417972
2972367638
1103784988
2860525200
3205158832
3836628024
1305254398
2186245444
1530093156
1743636004
2973129376
3917002562
1642712584
163082090
2864340081
1191070930
422238828
3767054428
4123913634
3694490556
1052143170
1358236520
2922874582
257159936
753022524
3035461658
978399203
1183249727
3911406677
274557218
2158129012
3062733878
1450677080
237031420
2430121914
74129650
1681453174
3764380254
1019700712
3770604498
1008734209
1563704662
2696245152
1598591776
2759716488
3922676936
2080792908
3816031886
2385779938
352619292
1341886122
1025763336
87918810
4051695748
3731879647
1715343502
1662206963
338891460
1470327096
2717346278
1314422602
908860142
2296632562
1246438823
1289394112
997609560
1141061158
4023774388
3744985426
105795798
2579144152
3546504608
1776934140
4185316128
682337986
2153218738
666982178
1566518184
3621558872
2438012328
3834506616
1479322665
2712744454
3956092020
2045677266
3175708516
241732198
1602723176
1391356680
1876278606
2427073360
1094243342
370709512
2524145628
3139085378
1999020399
87448932
2279896390
471355016
799243850
1127132684
1455021518
1782910352
668361564
1495903154
1999676658
2483277486
1690876774
415469084
2695191662
1673917597
3664784536
3272535312
4204684690
219950350
1737862514
3967313226
221119592
808584335
139235846
52701389
2028527221
383778105
1295129815
378840106
1928105464
3295252932
3672795800
634032672
3209816062
4173733182
2618885632
3374495972
2360246918
3254230563
2523647072
3192198956
1832279050
2036310292
2988647564
3079081326
1688080369
618319348
3077805920
243926510
3585199398
1958961837
2789185266
430532760
3251277172
1407853590
1570904518
1663750678
1640260170
1002932140
4074076414
109947155
3024018190
4097586906
2766632286
2712879576
3314678252
1085383004
2029256190
3936694080
3900887514
4113165694
990793281
3556071106
2115432395
2394048061
2904592996
4161249604
259687073
3782193187
989393045
4066385331
3802132056
3008374836
907544742
2466164016
2421099198
2003004463
2244865768
2316658022
4126314555
3842406325
2965992353
1882081529
1242302667
3771670463
2042467701
2005482787
3334203774
3903058614
1134981159
4092480408
221126216
3320241786
725278926
215154682
3834671450
3835857371
3837043292
3838229213
3839415134
3840601055
3841786976
3842972897
3844158818
3845344739
236897442
3104358424
3492784186
3809955820
371076080
1019245304
4187819084
3252994958
4060782426
3785774814
1356317706
1464881948
4147511632
829975412
241703784
1370831770
4061918874
3472833942
2538009816
4028504734
3093680608
2677187534
600120944
928009778
1911676280
1693514490
4094926906
1066205582
333340582
1091266930
113641646
2662466504
536662980
1947465450
2035827598
1270593170
2554012304
4281594256
1589703470
1432347788
1671240120
2576426246
649534672
2089348976
1011792368
1424584520
2920313060
551381818
478476424
3202016108
1134243670
1580598690
3119502054
494829262
594937716
1370567634
3945798180
2906076006
1866353832
1479722518
18798306
637208826
3033830078
3124302862
2807780040
3169515088
1316259366
3736144612
3826578374
3917012136
4007445898
1445503688
3200123872
950693006
2467336202
1991686898
1709380948
1059985758
1637139414
3417233208
2404143258
2122531906
3737089048
506321781
2906090476
2217553133
566228680
613553091
2991244798
4242498631
613553091
2991244798
613553091
2991244798
2738948695
3907825911
3909011832
536057159
2815128582
2103741497
1556411978
1255872619
2005482787
1540344672
2244865768
1242302667
3703250246
4147511632
600120944
1911676280
1066205582
536662980
1690876774
2035827598
3926981930
1709380948
1059985758
3737089048
1993022327
2316658022
3334203774
2657978980
2233817252
2064629712
2160955822
1270593170
621672996
3202016108
618319348
2437109918
18798306
2717346278
3645710850
3736144612
3917012136
4007445898
3930588310
3156213604
1991686898
2122531906
2474427523
3664828953
2574292158
3105794414
2119403064
3782193187
989393045
2259569567
2062422852
4066385331
3802132056
2982720116
1449314014
1590645768
239354834
3008374836
907544742
2466164016
2365360911
926755677
2111153346
3842406325
2965992353
2145704941
1134981159
4061918874
2089348976
3743985798
3356111272
2654483882
637208826
3033830078
2791412276
1828724926
539770458
3596121340
2877739224
509535534
613553091
4104678090
613553091
4104678090
613553091
4104678090
4032075154
4033261075
4035632917
4038004759
2472676472
102359704
847759401
4187051176
599656537
602028379
605586142
1713126720
3732322408
3901840952
1461888822
619902574
3837690252
867126152
2769372709
3613304404
3618352888
1623525296
2661812018
4129593938
695960214
4180357458
6489796
1759608970
3175122506
65823696
2581893062
304322723
1161630054
1769161768
1059107780
2799047834
2658349178
2843656003
3900196297
3121569606
2549950690
920648740
1401201522
556304260
2947963630
3519180988
454994510
17719165
3045486916
1449314014
606429214
467166748
3170860673
1108814326
877720121
1947465450
2765399728
4156859947
2430357889
556304260
2947963630
3519180988
454994510
17719165
3045486916
305889855
467166748
3170860673
1108814326
4092480408
221126216
987672394
1019245304
1947465450
2765399728
2122531906
2430357889
1693578753
2792525731
556304260
2947963630
3519180988
3244879544
4135733620
2766744992
396857538
2321937380
1854615762
5350496
3953573773
373948616
1734939594
3095930572
4185682610
3356111272
1316259366
4097879660
3930588310
1693578753
3383914807
1781113007
609651121
556304260
2947963630
3519180988
4231469720
3244879544
4135733620
3045486916
1642634270
3512490881
3999778433
3953573773
1108814326
4097586906
3259948850
1982687375
3736377443
978399203
556304260
2947963630
3519180988
4231469720
3244879544
4135733620
454994510
17719165
1642634270
1449314014
3512490881
3699239074
3953573773
467166748
3170860673
3732546835
3667663851
4092480408
221126216
1947465450
2765399728
213124595
2559068073
2285827841
1900122791
978399203
556304260
2947963630
3519180988
3244879544
4135733620
454994510
17719165
3045486916
1642634270
2497081638
3953573773
467166748
3170860673
600872834
1947465450
1316259366
2765399728
2702652073
3781359677
2813397309
1820428147
2123811067
210861061
2043637919
237412661
2464506651
1429550475
1800017892
3046777081
3588449446
1270593170
3926981930
2468737887
2617873115
4131824705
3881185247
3793782197
2858958071
1924133945
1110046043
4022541793
4269164665
865075521
3483416799
4010853778
1149671529
2928809119
2276476923
2921729867
3211783117
2062330237
907388981
3895757845
4156112771
4048013109
2260356281
383876879
38586911
3835614929
124336839
3828200690
1459626021
1104621271
1603935223
1536593293
1657730901
4279756559
2890377586
2824288374
3896185390
4023774388
2912363523
3201413029
2575700415
850934441
41595133
3817071791
1057232811
3976145867
2526805287
3128602993
743027625
2444923915
4146820205
878314694
1869098017
754488319
3684308027
3115274043
1356579965
2665975235
4199031841
419515048
3827765081
1603185690
2769500204
597483711
3334650407
2079676179
917764477
2174844771
3532201871
2592555027
2216164673
2402480959
4147291891
2871290355
2244446941
567764857
2571851955
3093680608
3202016108
3875172689
4149459035
3007002472
3035461658
1295067463
3308950753
2091761253
3789732692
3432693616
920281143
97906585
2166686655
136696829
1977518509
1497290925
1148320764
3507146522
2717346278
1076516457
3227327909
382460653
4198077829
84342249
1101373043
4159242948
3911406677
1548625613
65744115
3336347907
1715343502
3144188421
982749871
2569800996
3514024037
185863895
2737836363
2648081857
1637909351
3379253527
4196209515
2441612947
2149392972
213593499
3042910199
2983103561
803439833
3379827003
3784299475
1681779637
3874227095
2836675406
1289306889
684400783
3553219557
1678465584
2672530385
2714987450
782981722
781739783
54682514
4119382603
4232060165
1521071177
3218210181
2040924395
3842889913
1267379541
1803357747
2681785885
4060782426
4011937803
3968377493
1406775363
706125569
3397542221
1565891985
830128358
802575279
1709380948
866442123
2467352613
3707822625
1584548185
2385779938
18798306
2732598275
3547003247
4177679427
2843893667
135139655
2817939527
3731879647
3830438603
1230239017
4053507401
2330805767
205758539
4220862958
758372537
2003474603
1143233135
451307351
4182255094
2576646711
4064019481
850369597
3495060099
3526859007
255105069
391185055
3143701063
3213334033
3782193187
989393045
4066385331
2982720116
3008374836
907544742
2466164016
127652760
1565320016
2422285119
150768999
2997069264
3918647654
342085742
2292100384
4161249604
2244865768
2316658022
2832469836
2342440589
917915361
3842406325
2965992353
1350335683
1242302667
3412948097
3771670463
3505304567
2460349655
862699563
2901187259
2005482787
1912906876
2753503649
1134981159
3320241786
409388352
725278926
3834671450
3835857371
3837043292
3838229213
3839415134
3840601055
3841786976
3842972897
3844158818
3845344739
236897442
3685001024
3785774814
2332744072
1052143170
4061918874
1746986082
1066205582
1091266930
1470327096
1370567634
2325486530
3442563694
637208826
3033830078
3736144612
3917012136
4007445898
3737089048
4124733671
623061367
3570499323
2735998233
295967445
3768560183
2946185625
52701389
2028527221
1206152663
383778105
3631618673
1717432403
2334096843
1295129815
743047175
4103190345
3440071011
729082023
2313060331
3927054411
2635184193
3188636177
3330442589
2508068031
3554445433
2732070875
1909696317
1087321759
264947201
4114084105
2432082405
2542805335
205622661
69458841
453171629
1760080733
3819307437
3908297305
2472053657
3936888465
2013337919
3894504633
4208550089
4267149589
1723242389
3985960677
556983
1204580623
1014593729
3093985451
1217035307
3653856395
3461928439
2672933261
2121827521
719137655
1075157355
2657662597
3811058201
506321781
1079916307
1393265473
3918060963
2055467629
1270223355
1691747553
2858451343
2185554375
3118658547
311232267
314790030
478170500
321659392
2906090476
3829848253
3473215891
1786761503
2486921085
613553091
716354732
4242498631
613553091
716354732
613553091
716354732
1057769736
606033290
1058955657
1014011317
3117267890
4144962932
511523957
1069088873
1825303684
795619254
3917002019
2351700559
4292735954
3281412221
2706716121
567764857
2800063191
2005482787
1101373043
1031356025
2244865768
2168613057
2316658022
3685001024
3124302862
2028527221
3330442589
3554445433
2732070875
264947201
338071649
382460653
609651121
978399203
556304260
3519180988
3105794414
2119403064
1642634270
3782193187
989393045
2259569567
2062422852
4066385331
3802132056
2982720116
1449314014
1590645768
239354834
3008374836
907544742
2466164016
2422285119
844437449
4061918874
478476424
637208826
3033830078
1828724926
2629475033
2517958825
644544417
2195108563
2197480405
625856292
2626180261
1319073337
1595595041
935377267
2897369203
3319932813
1114972529
1886122015
4026714423
4027900344
998850289
2531757699
2585942617
1882531933
424439519
3459053609
613553091
2088358840
613553091
2088358840
613553091
2088358840
2815969461
1303955567
1473512257
3405682707
4232370003
774402735
52977008
2768272829
3493086025
3423153147
3098230110
2947963630
3143701063
3519180988
3105794414
2119403064
1642634270
539414454
1976263064
2797690751
3650998815
2005482787
3334203774
2440575388
2554828886
725278926
987672394
473762834
2232535372
1189156304
2174175218
2166620090
1452854772
4211311048
4005240286
712370162
534761210
3902718444
1828724926
1479693840
2947963630
3143701063
3519180988
3045486916
3105794414
2119403064
1642634270
161757715
3450026422
2497151392
3650998815
2005482787
725278926
2807780040
3079081326
3440816374
2232535372
603071290
3392483546
2174175218
2166620090
1828724926
1479693840
2947963630
3143701063
3519180988
3045486916
3105794414
2119403064
1642634270
1976263064
2196612033
3650998815
2005482787
2753503649
600872834
2440575388
2554828886
725278926
987672394
1470327096
473762834
2232535372
2818013060
2174175218
2166620090
1452854772
4211311048
111883888
1828724926
2947963630
3143701063
3519180988
4231469720
3105794414
2119403064
1642634270
1976263064
1896072674
3732546835
3667663851
473762834
1853689756
1828724926
2947963630
3143701063
3519180988
3105794414
2119403064
1642634270
539414454
161757715
3450026422
1976263064
1595533315
3650998815
2005482787
4092480408
221126216
2440575388
161415916
2012769607
415500666
3445643585
1290175214
2328436418
1404196300
3320241786
2554828886
987672394
3645710850
473762834
2258537652
3902718444
1828724926
2947963630
3519180988
3244879544
4135733620
3105794414
2119403064
1642634270
161757715
3450026422
1294993956
3953573773
2557696177
3650998815
2440575388
2554828886
987672394
2321113988
4246193830
2546294661
1677633127
808971593
4235277355
3366615821
2497954287
1629292753
760631219
4186936981
518929349
3945235111
3076573577
4083143692
3607284168
2233941010
1828724926
2947963630
3143701063
3519180988
454994510
3213334033
17719165
3045486916
1315414928
1642634270
161757715
3450026422
693915238
3918647654
467166748
3170860673
3842406325
3650998815
600872834
2440575388
2554828886
725278926
987672394
1947465450
2765399728
3459620753
4247462188
135139655
1645403322
1892134728
3892495530
3473191998
3875495083
2769500204
1633784656
811410098
3021249416
3470741172
1138199344
4248504406
2449299383
2115432395
2540169514
1091207
1598591776
3144664486
1496241066
840289132
4200432302
1335837806
2676197182
3801360238
2207209027
4261884119
3718400641
2383500058
1269691072
1599872988
1576301310
467160774
3866940959
383484849
326503692
2868274634
3163382692
653283430
2824927152
2332744072
2218319662
3802297970
1564276496
2585153396
2834662248
1113353788
1859691114
2522315498
1597176854
3854015994
1884543218
3202016108
3926183704
3962557798
2131901912
665022337
3169515088
1473521563
924684100
4187819084
3205158832
2035827598
3965454698
2028930612
1111015920
3283504518
3896949978
2968840002
1952017752
3485389807
917764477
1810978909
2845137880
2687726904
2547720446
3017318378
1325102566
3820920465
4253918320
620554550
694748970
360070314
1207783740
385409182
3858001920
3035627362
2213252804
3507757674
2240909164
3689398220
3987960698
3109271965
1109861726
3688012160
3382188646
3894061077
2640496629
2561853994
845037132
2995014406
3634561430
362633662
3670488132
895172954
196830578
611879096
1668410384
333658935
18798306
2224210642
3016199796
1633417742
1925181128
1865282032
4263860328
2334096843
2441612947
3731879647
1771864124
134148892
2029670158
1726390278
2070376738
555858552
2796453074
807472888
759017056
3968423434
716697466
1267555139
2842201020
327156602
191982840
3200848763
1393265473
641477184
3664575578
4194913564
1223542525
834461422
3827765081
4056791564
2899694304
2661876666
2954762734
1219372480
2124233096
4283170938
786241090
2511125436
761980052
3587284978
2275140763
1028173190
1259162506
3240640264
1966669763
595562104
3967917160
462305658
3920615572
1599885670
3514700894
2732598275
972792000
2495697412
2867017322
28553195
1214126194
1934739242
1462418816
3008133088
27294402
243926510
3214947317
3272535312
2638710342
885187038
4203303914
54556614
3416659364
556304260
3782193187
989393045
2259569567
2062422852
4066385331
3802132056
2982720116
1449314014
1590645768
239354834
3008374836
1927373550
907544742
2466164016
1854615762
3105364829
2423471040
3991134065
4161249604
2244865768
2316658022
2832469836
2342440589
917915361
1350335683
1242302667
3771670463
3023876271
4036329464
1134981159
1303702517
409388352
3834671450
3835857371
3837043292
3838229213
3839415134
3840601055
3841786976
3842972897
3844158818
3845344739
236897442
4061918874
2385779938
594937716
2608883110
87918810
637208826
3033830078
2898213802
3736144612
3826578374
3917012136
4007445898
4097879660
3930588310
3699789128
1991686898
2122531906
847580545
896634103
1204580623
354807921
1014593729
2657662597
2220360076
317726906
3241398858
2573257340
4090021978
2351099964
4197729654
3829037404
666806140
2576682754
3280252432
3255403082
3839692936
4107800286
32373052
1076848586
1405168990
311232267
314790030
478170500
484673236
2823206952
678716004
2800690644
1701829274
1991882524
503916632
793969882
1192411566
1489252784
2818354572
341904654
1904302384
321659392
342470744
2906090476
1715343502
1421696175
1408146645
567764857
895653691
637040641
1803357747
1261867068
2910401964
2912773806
340172974
2882438776
2887182460
2888368381
209668752
829615396
3490822772
1708709013
2731149058
2690697402
4284382548
961644444
109311692
2021086495
994524351
556304260
2947963630
3143701063
3519180988
3045486916
1642634270
1854615762
2315700937
693984992
850349032
3850504642
3994967840
879781371
188114239
2576040110
556304260
2947963630
657190012
3143701063
3519180988
1518341812
1642634270
539414454
393445633
556304260
2668985998
2947963630
657190012
3143701063
1272239078
3213334033
17719165
3017448376
3045486916
1253845456
1642634270
92906274
3918647654
467166748
3170860673
2765399728
2607252431
4221140215
870046105
1813919291
2757792477
3701665663
556304260
657190012
3519180988
1518341812
3045486916
1642634270
539414454
2584637416
850349032
3850504642
3994967840
2655407778
725278926
2698996104
2970108705
2628521937
2004491771
1145476203
3435809051
564705133
3588792694
1204580623
1014593729
452082649
453829791
2334278536
506336479
1153569783
649433765
697229257
2527005790
2226466431
1073243165
1332723320
1042366714
2125686518
420882255
1014650905
3295980545
22577513
3385341375
292709862
2994378367
1378305459
1366589217
78729755
2441278071
2769262863
3349281257
2854394359
2478074819
495143387
4115432193
3315948341
1171436497
1461489747
3920734515
3989655975
350466347
1295844799
2083461962
2005482787
3827765081
1059985758
4082562903
3164606275
3865839885
3083802923
1137562393
4155672661
3507793093
2051097717
277923205
3435918691
3531166735
503314781
3340985361
2320067401
2348745217
3952012291
1070590407
87918810
631095702
3968423434
3017318378
3416659364
2625717595
2594571981
1971434437
3302328731
1930369023
925104071
2109639733
3911406677
985378444
1566271859
1800017892
2149392972
1817835253
2844359661
3929571613
230481241
3876307704
3478279427
3284991531
902488941
664127541
3384423501
4127605736
1101776117
3320879713
2834400559
1713961997
478547954
2385779938
1198218481
4280513565
561573949
2755829735
182968506
4279833853
3927054411
2790917255
2019005429
68286389
4211343643
614652525
750029183
2439166291
3858180637
733837072
1685338567
2021873749
1476982089
2538891541
3134346933
3693536905
2954505999
1097959407
1683790243
1138792817
1251348189
1582134581
40470379
674192077
2271005227
4115527045
3246865511
2551930631
2292100384
4281594256
4110141895
797656701
1337797431
3137842421
949965427
374249085
445777528
1510534807
4134877987
108944733
1529306359
2319098142
2641032213
2089176611
637040641
2414545823
455789571
4072053585
1491984261
499450507
2816499977
3816031886
618319348
672652607
3750160491
3457603827
567278551
4268303741
839620847
1187055479
3782193187
989393045
2062422852
917631306
4066385331
3802132056
2982720116
1449314014
1590645768
239354834
3008374836
1927373550
907544742
2466164016
191982840
2424656961
690231570
3836276373
4161249604
2244865768
2316658022
2342440589
917915361
3842406325
2965992353
1242302667
3771670463
3553219557
434442632
997609560
3734692674
1159202362
1893021310
1134981159
877720121
2376070118
3888637754
3354201180
2341358504
987672394
3834671450
3835857371
3837043292
3838229213
3839415134
3840601055
3841786976
3842972897
3844158818
3845344739
236897442
3896185390
4061918874
1947465450
3202016108
637208826
3033830078
3826578374
3699789128
2232535372
3908297305
1316820209
3667083460
1489252784
560463365
2787077039
3049964187
1421696175
2075507687
1408146645
567764857
2911870959
1223542525
2582377519
2914354279
2956139537
2449299383
79411929
3991889589
444296927
2310286427
2075861233
2601362469
3894061077
3714559431
3500166123
3829848253
1350937109
11359723
3331064103
346078139
673966973
399858715
2941467147
332604239
3473215891
2066709781
375953279
660203671
156300705
730295495
3572317855
2107902095
5382257
832337846
3666417709
3668789551
3671161393
613553091
3958216263
613553091
3958216263
613553091
3958216263
1926353349
807546113
808732034
901914595
1875852265
669133583
962276264
4164656314
3864116955
3563577596
3263038237
848347702
2244865768
1242302667
3771670463
3911406677
997609560
3731741143
3843770795
1223542525
79411929
3904406265
3836276373
87918810
3017318378
3667083460
3416659364
2625717595
2594571981
1971434437
2941467147
156300705
1930369023
925104071
2107902095
5382257
1724070882
3105794414
2119403064
2424656961
332384721
2763691795
1070590407
1134981159
4061918874
631095702
3908297305
3968423434
3557164651
1838318083
560463365
1089962553
2914354279
2449299383
1649772743
1642553889
322372960
323558881
324744802
325930723
327116644
328302565
329488486
330674407
331860328
360322432
914439861
3653807222
2506771058
1513420597
197283541
2775433975
1058617113
3636767547
1919950685
203133823
2781284257
1064467395
1793887883
3753928237
2066709781
1828724926
2945355834
1949875865
2365356185
1772084057
1167143633
3604579077
1440517890
3111301765
769724039
1473551511
2372869197
3392982713
811323881
1493394747
1933761433
4238275937
3884719247
2932698309
2933884230
613553091
2902348107
613553091
2902348107
613553091
2902348107
2941885287
1000953382
1117762548
4033261075
4034446996
4035632917
1644965051
1646150972
285097053
4179350268
342968305
3345409114
556304260
2947963630
657190012
1518341812
723397052
539414454
2885246529
2764819822
901034106
546492982
3259948850
3930588310
3755189884
366104498
3843058840
878314694
3854015994
2058612936
3864973148
3238911178
155434448
2947963630
657190012
1518341812
723397052
539414454
161757715
3450026422
1565320016
2584707170
434442632
3833142576
1159202362
161415916
2012769607
415500666
3445643585
1290175214
2328436418
1404196300
785547096
1947465450
280566928
366104498
1727095476
556304260
2947963630
657190012
718015814
1518341812
3244879544
4135733620
723397052
3139555528
539414454
2284167811
3953573773
2460349655
4155816932
1983628452
3601615790
830551320
2453421550
657190012
3519180988
1518341812
3244879544
4135733620
3213334033
17719165
464797542
723397052
539414454
161757715
3450026422
1683089093
3953573773
3918647654
467166748
3170860673
3842406325
1350335683
1303702517
901034106
785547096
1947465450
2765399728
1261867068
556304260
657190012
3519180988
1518341812
3213334033
17719165
464797542
3045486916
1642634270
539414454
161757715
3450026422
1857921633
3918647654
467166748
3170860673
3842406325
901034106
725278926
785547096
987672394
1947465450
2765399728
3843058840
878314694
3854015994
2058612936
3864973148
3238911178
155434448
1269604036
775775917
3170015452
862699563
1206152663
556983
3653856395
3081029916
2608098440
2051165306
1349537916
4214685999
3133738940
2389353324
2057925734
835025619
39024558
105393168
1304867026
1199869190
2185839012
83319174
3507132294
1539253954
3683470428
3382274124
3710162958
2456019990
1189688196
2068709326
420885952
1673889190
3375785480
782714474
1408119414
2769500204
567278551
4120009366
1711252806
1394495426
1095141988
3606920568
2785672554
3577661708
3317814370
2074589406
3435580384
3126214502
995380576
2920460418
2475652806
2315822356
287214110
3871545246
581806172
2037908040
1449155992
3578565520
2567518506
3985505817
201937643
3252994958
2850378894
4147511632
536662980
4002074906
2720514767
3746457739
1969364465
876411744
1426543184
3927054411
3380245572
1649575710
3352787204
1622640988
1665414042
1888591414
218781420
3521949184
3853579626
243926510
3526999154
4144014739
4036329464
2012306830
1738130886
3151477693
3827765081
2657662597
2392089948
1643229642
4130433492
1597513574
2093069772
3711303634
1092529184
3666279465
3472833942
3093680608
3163717772
1000162501
1198218481
4280513565
2755829735
5382257
1391852996
3557820912
1360271124
661482604
651293872
2981943410
442668596
1632860224
342085742
3577090500
1141061158
4023774388
3744985426
1171436497
1461489747
3839677356
1246606350
2735102724
4075622224
2112061286
2904050440
540780854
3915684512
3732114258
3579932438
3084492886
2524408284
1727428704
4017137194
1833174918
1194824786
3473674744
460263572
3738383790
101145628
2472620754
3264609908
4056599062
553620920
888357800
1106401826
2420018296
548755066
3847925544
3100030510
1631835466
1061244477
1657578005
4060782426
947194084
4036063476
2812793192
2892235502
1565557168
1753246526
771159286
1417677299
2414106666
3803321968
869345650
2230336628
3591327606
2557733970
3299288702
122641472
1658393254
836018696
1565964332
1152232698
4007066714
990793281
3497807802
2842201020
2135667766
2115819910
3356406425
3836276373
1316820209
3894061077
1825986880
193855264
3089543612
881573856
1467945477
3336979838
2843351434
1810119462
452542752
4206405268
2532905824
1721012404
4202936546
2537902018
3598834728
2722906408
2606780316
342842394
2292100384
3251277172
1065091430
4103190345
1489252784
3726135248
3469991126
1070491186
4192087800
2870380875
503916632
2303616438
1204580623
1817835253
453829791
2677800542
1232524518
3762574966
552793941
3968377493
567764857
1129855788
252254582
1247448968
1773134888
3965582346
1863062508
4055509966
1853603731
2969687413
3356111272
2988647564
3917012136
2575649626
2123438502
3788273070
228514107
2064629712
4007445898
2665975235
609651121
551702192
3792248056
2540169514
4157354990
1015122825
2440092756
2727007142
1366203145
2651030267
3784299475
1681779637
3396275144
3949011966
2814988186
398653894
1190643048
520361125
4155831585
2593799495
3143701063
4231469720
3782193187
989393045
2259569567
2062422852
917631306
4066385331
3802132056
2982720116
1449314014
1590645768
239354834
3008374836
907544742
2466164016
1854615762
3482885042
2128337054
2425842882
1684296371
4161249604
2244865768
2316658022
2832469836
4126314555
2342440589
917915361
1242302667
3412948097
3771670463
3505304567
2901187259
1528615977
2005482787
1912906876
2753503649
3732546835
3667663851
1134981159
740349438
916912134
1384575046
409388352
3834671450
3835857371
3837043292
3838229213
3839415134
3840601055
3841786976
3842972897
3844158818
3845344739
236897442
3685001024
2233817252
1019245304
3785774814
1052143170
4061918874
2385779938
2576426246
3926981930
3202016108
1580598690
618319348
87918810
637208826
3033830078
383596060
1991686898
1059985758
1244761156
2508068031
1909696317
3819307437
2472053657
3581262111
2863690895
2672933261
978399203
506321781
1393265473
311232267
314790030
478170500
1925181128
1865282032
2149392972
321659392
637040641
3719368025
869944555
3331064103
3473215891
1003899734
1293952984
1406751534
2746059996
1811235870
3699173274
546264744
396117138
829211842
4245663092
278584630
2160568994
1101081230
796155326
1888818882
3566758076
3832101686
3992983748
3785572924
462914334
2469353108
1052768666
411445928
2357589807
530648123
1323629203
1909240869
4209661543
2311095233
1618424545
551773137
2927136211
2630590051
1155083921
3686491001
3647969371
1472286911
2761542309
2059377023
2060562944
481872926
3129127330
621841538
613553091
3871556505
4242498631
613553091
3871556505
910300314
613553091
3871556505
3433424688
4235087810
2727247262
2923007907
2031433443
320205787
3944841484
1684828011
3529976918
1854615762
712813193
3902718444
2576040110
366104498
1727095476
3355058030
3276364854
4045030815
2208185531
2316658022
3917012136
1907646172
2220032788
4051123011
3493672080
3947500401
1101774457
1422983790
502203524
3750583652
895657888
1893389218
3342553676
605625936
1354221347
3450044293
287008380
3751773442
1885363270
1026331550
782747998
3485552256
1974089806
3532129362
2836342244
988343748
3105439104
480383147
3954517645
680996653
2509873775
3087920751
474978576
2422285119
2984110589
1091266930
3330442589
2508068031
3554445433
1909696317
1087321759
264947201
3684308027
3115274043
4208550089
2424656961
677272895
504568773
2244865768
3068835570
1406751534
4045438234
760575787
3015704515
836128599
129779716
1435047410
3900870948
4240409578
727417212
829636566
934481198
3273621418
1516291766
2784223582
3105794414
3889791648
2119403064
3662626770
3782193187
989393045
2259569567
2062422852
4066385331
3802132056
2982720116
1449314014
1590645768
239354834
3008374836
907544742
2466164016
3469921462
3448258811
3917002019
2969687413
1269657873
3651302665
3497305087
1159202362
1912906876
4061918874
2437109918
637208826
3033830078
453171629
678716004
639027772
3946738096
2899367856
1071323392
2941979564
138857546
1828724926
702517036
3788273070
3566758076
3799230224
452089022
3810187378
1632387264
3821144532
2812685506
545988276
1101373043
2188961014
1320299480
451637946
3877943708
2242736682
4167816524
1797929070
1200564232
2088609626
2788323936
3681576267
4010853778
1265083220
1746986082
536662980
2619623440
1489904706
3613688241
3173536612
801752220
1795817021
3272535312
1850869326
2844934127
2022248480
3016313281
2562160015
3556224816
1186494137
2180558938
2932513146
3205158832
1305254398
2732598275
3926577947
2469931296
3744985426
4072874260
113641646
1194824786
3448144846
2538009816
2688792442
147242351
176203128
3094248779
4088313580
4226388571
1356317706
2385779938
1830377384
1325102566
2159516174
770092684
3893671138
556304260
657190012
3519180988
1518341812
4090878882
3244879544
4135733620
454994510
3213334033
17719165
464797542
3045486916
723397052
1315414928
1642634270
539414454
3782193187
989393045
2259569567
2062422852
4066385331
2982720116
1449314014
1590645768
239354834
3008374836
1927373550
1976263064
907544742
2466164016
3469921462
3398674824
3953573773
3918647654
467166748
3170860673
4202469764
916162490
3353125476
2349321702
2342440589
917915361
3842406325
2965992353
601167685
3505304567
3023238797
3023876271
1912906876
2753503649
3732546835
3667663851
1134981159
2255467261
4092480408
221126216
740349438
600872834
3073118150
850349032
3994967840
916912134
901034106
1384575046
2440575388
4104339858
3320241786
2554828886
409388352
725278926
785547096
987672394
153319676
3251277172
4147511632
2474088374
469040850
4061918874
3472833942
1603185690
668361564
1947465450
2035827598
218604148
1580598690
18798306
637208826
3033830078
3249926888
3699789128
473762834
2765399728
950693006
3755282604
221119592
3251511964
3831618464
1091267580
2122531906
3035461658
1900375816
3128602993
3784299475
1681779637
3509961458
1925181128
1865282032
678716004
1350937109
342234240
1044109080
318877852
3888613920
1378514658
1157712976
3780558230
2863369254
3250019970
2381358436
1128574812
2904590620
883693676
2104217958
1166606094
1052768666
2415118930
607561004
1968551982
411445928
3124260248
2246092246
1038355400
747653672
1342104758
230070142
3319639834
881571174
1258492240
3685869046
2779350198
1128417824
3861701234
4240179930
1999205512
1313040314
1109405994
626189442
4120923186
932975442
2547374578
2968556
4122309046
398241198
3286702384
3802025002
3312358538
993140617
947937501
4050471007
4051656928
4052842849
4054028770
4055214691
4056400612
4057586533
4058772454
4059958375
4061144296
613232216
741098626
221727236
222913157
2129771901
2668180371
3197910361
4232870730
1514010990
952501198
696342508
998789267
3760168708
1922204075
592921827
3733493881
3094373569
965327464
2316431027
1414235622
1856935846
2984183626
2893569578
3176212168
1575509039
1890486816
4207776839
2326849791
2965477845
1899938973
4125962884
1629416271
4110456130
634545443
4224290901
935842253
2899565717
3702676199
796993619
2425130194
715496014
1963902116
2473590804
569515124
4217568612
2392316384
2938023734
4133386406
3275317446
3844528041
2314126693
2996712859
3506401547
2168145803
3451299956
2674786800
1365629894
3420719414
1072541526
1057434064
1793999820
1375990754
1885679442
1648018930
572798862
962637322
1294646240
1804334928
816656432
3061284558
1292147082
253506048
747271792
2259184464
1871030461
930240889
2866409519
3376098207
784259999
